-------------------------------------------------------
	W1: [[-0.019557, -0.016699, -0.000376, -0.016369, 0.031332, 0.002635, 0.043619, -0.03425], [-0.04554, 0.028847, -0.036087, 0.015853, 0.000411, -0.000783, -0.041177, 0.035422], [-0.037449, -0.017304, -0.030886, 0.028578, 0.016668, -0.049112, -0.009649, 0.037275], [-0.038398, -0.001563, -0.029077, 0.024738, 0.017018, -0.042332, 0.035776, -0.02097], [0.041645, -0.037287, 0.024818, 0.01088, 0.010779, 0.042316, 0.048233, -0.005918], [0.023747, 0.033604, -0.031804, 0.011674, -0.019004, 0.022815, 0.000652, 0.00573], [-0.001331, 0.033279, -0.028843, -0.035767, -0.003487, -0.020611, -0.016185, -0.047808], [0.026564, -0.049141, -0.044335, -0.024115, 0.027325, 0.020306, 0.047673, 0.003155]]
	W2: [[-0.008304, -0.028267, 0.024335, -0.033007, 0.039905, -0.004299, 0.019873, -0.001831], [-0.024412, 0.004457, 0.035481, 0.011458, 0.03283, 0.038737, -0.038094, -0.003277], [0.043586, 0.04233, 0.01339, 0.019038, -0.013754, -0.014154, -0.018777, -0.002141], [-0.049495, 0.02757, -0.029161, -0.017812, -0.036058, -0.016041, -0.002805, -0.026208], [0.012608, 0.029076, -0.045543, -0.012239, -0.012715, 0.015178, 0.015938, -0.003802], [-0.022235, 0.015922, -0.03322, -0.005915, 0.039787, 0.03104, -0.024799, 0.000096], [0.049695, -0.028521, 0.030316, 0.020765, -0.046999, -0.004224, 0.017809, -0.021526], [0.045784, -0.047071, -0.018772, 0.038741, -0.013287, 0.032755, 0.046372, -0.026637]]
	W3: [[-0.038232, -0.020996, 0.038918, -0.016204, -0.04076, 0.02126, 0.035184, -0.019715], [-0.031835, 0.041334, -0.043361, 0.001899, 0.027438, 0.041281, 0.003441, 0.010645], [0.027393, 0.022865, 0.021094, 0.00744, 0.037648, 0.000275, 0.019987, 0.045409], [0.021989, 0.009625, -0.032661, 0.049266, 0.018555, -0.025541, -0.044027, -0.037948]]

	B1: [0.035212, -0.027232, 0.029469, -0.015175, 0.047149, 0.008596, 0.022984, -0.018185]
	B2: [0.038442, -0.026868, 0.014345, 0.026236, -0.03258, 0.049594, -0.013199, -0.003114]
	B3: [0.025443, 0.023454, -0.030957, -0.048524]
-------------------------------------------------------

