W1: [[-0.134797, -0.123971, 0.290107, -0.277356, 0.026601, -0.324768, -0.208776, 0.019217], [-0.181686, 0.158772, 0.136639, -0.993896, -0.195726, -0.397581, -0.294965, -0.071383], [-0.091158, 0.012964, 0.142449, -0.61523, -0.106727, -0.165286, -0.101329, 0.065972], [0.06661, 0.225904, 0.42425, -0.285775, 0.058978, 0.02032, 0.087616, 0.247361], [0.091173, -0.078099, -0.164107, 0.614717, 0.098346, 0.186993, 0.16321, -0.064289], [-0.123627, 0.003834, 0.206688, -0.470287, -0.057861, -0.426382, -0.151069, -0.154444], [-0.06583, -0.063211, 0.385839, -0.15984, -0.016956, -0.504089, -0.321416, -0.2804], [0.047297, 0.330984, 0.476507, -0.428896, 0.105321, -0.132196, 0.050901, 0.272995]]
W2: [[0.203707, 0.517051, 0.150925, 0.100293, -0.06842, 0.309057, 0.866502, 0.071976], [0.092649, 0.383223, 0.013387, 0.310021, 0.090161, 0.131031, 0.771263, 0.317946], [0.422705, 0.717045, 0.347723, -0.136725, -0.306596, 0.498573, 0.245608, -0.118202], [-0.073645, -0.401207, 0.029011, -0.296392, -0.057545, -0.165157, -0.571853, -0.336287], [0.263119, 0.354162, 0.073518, 0.101171, -0.081415, 0.196179, 1.089368, 0.045511], [-0.463024, -0.614324, -0.310267, 0.145009, 0.285612, -0.496961, -0.293239, 0.212805], [-0.437538, -0.750944, -0.412421, 0.156668, 0.267134, -0.543117, -0.360688, 0.157038], [0.189501, 0.459359, 0.139465, 0.149641, -0.10666, 0.313158, 0.774929, 0.144954]]
W3: [[0.612353, 0.790076, 0.875188, -0.488519, 0.431483, -0.97304, -1.160203, 0.529486], [0.559133, 0.713, 0.700617, -0.794447, 0.376425, -0.513941, -0.452323, 0.641098], [0.938658, 0.146989, -0.096348, -1.365518, 0.88511, 0.025677, 0.16096, 1.080107], [0.529721, 0.532113, 0.437541, -0.647694, 0.394505, -0.318828, -0.495112, 0.444123]]

B1: [-0.061254, -0.05893, -0.040574, -0.028894, 0.059374, -0.060086, -0.039013, 0.002144]
B2: [0.3947, 0.423655, 0.075562, -0.52194, 0.325101, -0.029035, -0.031844, 0.31742]
B3: [1.510515, 1.443581, 2.033231, 1.106083]

Rounds: 1620000
Tau: 0