W1: [[0.873317, 0.939667, -1.050871, 0.585947, -0.754297, -0.771738, 0.845369, 0.273038], [-0.338687, -0.407996, 0.091095, -0.27842, 0.122314, 0.152386, -0.295727, -0.200015], [-0.180998, -0.627811, 0.466291, -0.976715, 0.824242, 0.346307, 0.060111, -0.237786], [0.260239, 0.329412, 0.011463, 0.271948, -0.087986, -0.087353, 0.247901, 0.162288], [0.186382, 0.198642, 0.029527, 0.302748, 0.152807, -0.066495, 0.164357, 0.109779], [-0.088625, -0.147414, -0.035265, -0.173493, -0.004071, -0.06089, -0.005751, -0.094122], [0.071371, 0.070782, 0.059357, 0.162036, 0.092994, 0.206604, 0.058707, 0.113266], [0.825309, 1.036191, -1.164249, 0.57278, -0.803356, -1.189346, 0.766341, 0.313076]]
W2: [[0.271051, -0.312891, -0.243256, 0.251903, 0.20667, -0.30011, -0.20203, 0.270811], [-0.282009, 0.293664, 0.214058, -0.272018, -0.253019, 0.237889, 0.256237, -0.281643], [0.304324, -0.356323, -0.188183, 0.25301, 0.215557, -0.265275, -0.214371, 0.288689], [0.350958, 0.019991, -0.34726, 0.005031, -0.024156, 0.047982, -0.336086, 0.435091], [0.174778, 0.054983, -0.21572, -0.039532, -0.047909, 0.106924, -0.334361, 0.551922], [0.312575, -0.23258, -0.236971, 0.259951, 0.216869, -0.227025, -0.243734, 0.261043], [0.306529, -0.260181, -0.243478, 0.271816, 0.239049, -0.299115, -0.252933, 0.206037], [0.234141, -0.361923, -0.293486, 0.228321, 0.277913, -0.316306, -0.262389, 0.208918]]
W3: [[0.748169, -0.710261, 0.674928, 0.250438, 0.23085, 0.568695, 0.70043, 0.874579], [0.733218, -0.66168, 0.681325, 0.293396, 0.257562, 0.595555, 0.745025, 0.847906], [0.715231, -0.669727, 0.667689, 0.263504, 0.216183, 0.59236, 0.708527, 0.876889], [0.683922, -0.62479, 0.7143, 0.235758, 0.228269, 0.62808, 0.722687, 0.879761]]

B1: [-0.012004, -0.025942, 0.035235, 0.043259, 0.041477, -0.029796, 0.058225, -0.026726]
B2: [0.282076, -0.314522, 0.269467, -0.007873, -0.01725, 0.298496, 0.328833, 0.355781]
B3: [1.336605, 1.314646, 1.412045, 1.35469]

Rounds: 147743
Tau: 479.881352